===LISTA ORDENADA=== 

173
774
1369
1423
1450
3438
7345
7421
8125
8972
9281
9586
9820
12053
18596
18796
19560
19823
20374
21489
21984
23685
23908
24759
24938
25068
27640
29483
30179
31579
32045
35710
36824
37294
38741
39074
40791
40935
41830
42387
45732
46021
46057
47852
48209
48739
50183
52068
52980
53148
56109
57013
58192
58913
59183
59340
60712
60983
61249
61520
63510
63925
64015
64280
65028
65290
67091
67258
68310
70315
70952
72805
73014
74028
74350
75162
75920
76431
78194
80234
81394
83017
83570
85172
87142
87160
89041
89063
89072
89420
89753
90536
92451
92847
94268
95482
96850
97251
98064
98247
99127
===FIM DA LISTA ORDENADA===
